n went from 1 to 1000
2.120937
0.716307
1.170287
0.538729
2.2695328
0.46894966666666665
0.8818585714285714
0.880313875
0.8761834444444444
0.8677834
0.8662513636363637
0.8553345833333333
0.8531643076923077
0.5165377857142858
0.5126156
0.536937125
0.5152508235294118
0.5050287777777778
0.508447
0.52283715
0.5207274761904762
0.5660750909090909
0.5164142173913043
0.5185804583333333
0.51166108
0.5100016538461538
0.5082850740740741
0.5066729285714285
0.5055540344827586
0.5042470333333333
0.5028673225806451
0.50181503125
0.5006368787878788
0.5008479411764706
0.4991562
0.49773555555555554
0.4972068918918919
0.4960928947368421
0.49519858974358977
0.494559775
0.4937718048780488
0.49323904761904763
0.4927231395348837
0.49212768181818184
0.49142851111111113
0.493103
0.4906505106382979
0.48972079166666665
0.4894555918367347
0.48892054
0.4884724117647059
0.4879499423076923
0.48771454716981133
0.4870534444444444
0.48683674545454547
0.48640475
0.4868698596491228
0.4857483793103448
0.48551340677966104
0.48501961666666665
0.487334262295082
0.4843700806451613
0.4840953968253968
0.483739125
0.5992225538461539
0.48306054545454546
0.4840401194029851
0.48260064705882355
0.48237027536231886
0.48213032857142857
0.4819068732394366
0.48173045833333333
0.4815728630136986
0.4812472027027027
0.48153505333333335
0.5997988421052631
0.6072615454545455
0.4804568205128205
0.4803931392405063
0.4801440375
0.4799374938271605
0.4798841829268293
0.4801086265060241
0.47942286904761905
0.47954652941176473
0.4791598953488372
0.5566602298850575
0.5658361931818182
0.4787387191011236
0.47886578888888887
0.47837314285714283
0.4782270760869565
0.5441682365591398
0.5655214574468085
0.5640631894736842
0.5541114270833334
0.5654046288659794
0.5613972142857143
0.546293505050505
0.53142168
0.5278503564356436
0.5250648333333333
0.5308979805825242
0.5221763076923077
0.5239914095238095
0.5217505188679246
0.5448973831775701
0.5299052037037038
0.5293505229357798
0.5280643818181818
0.5276399009009008
0.5273876964285714
0.5294594955752212
0.5264693947368421
0.5216312260869566
0.5220764396551724
0.5160033076923077
0.5160503474576271
0.6978044117647059
0.536419775
0.5167608512396694
0.5174173606557377
0.5172909837398374
0.5152519193548387
0.513552432
0.5133272301587302
0.5139515275590552
0.5121009296875
0.5171893565891473
0.515381576923077
0.518256358778626
0.5125267954545455
0.5141376541353383
0.5156000149253731
0.5135516074074075
0.5140018529411765
0.5114720364963503
0.5149836086956522
0.6052390791366906
0.5079869071428571
0.5116949361702128
0.5102652253521127
0.512210944055944
0.5104909791666666
0.5119622965517241
0.5073398287671232
0.5065196054421769
0.5051943783783783
0.5066476510067114
0.5048853733333334
0.504484642384106
0.5079143486842105
0.5096383725490196
0.5053722272727272
0.5078954387096775
0.5064278205128205
0.507124923566879
0.5068671962025316
0.5026202452830189
0.50715123125
0.5020873229813665
0.506895537037037
0.50643
0.5070108841463414
0.5030236666666666
0.5044177590361446
0.5071676407185629
0.5042331904761905
0.502176650887574
0.5028964529411765
0.5036331637426901
0.5043653662790698
0.5051443121387283
0.5043358850574713
0.5016665885714285
0.5019302045454546
0.5015242994350283
0.5037176460674158
0.500006217877095
0.5003545388888889
0.5029463314917128
0.49923976923076924
0.5027287158469945
0.49863678260869565
0.5017217081081081
0.5012578064516129
0.49906582887700535
0.5001156489361702
0.5009585026455027
0.4997526947368421
0.497212
0.4991963125
0.5007062953367876
0.502639149484536
0.498032041025641
0.4995742295918367
0.5012041624365482
0.4977427878787879
0.4982131407035176
0.49886884
0.49895836815920397
0.4960607178217822
0.4995118719211823
0.5470250784313726
0.4977496341463415
0.49674674757281556
0.4973272125603865
0.49767901923076924
0.49643165071770334
0.49778616666666664
0.4959119146919431
0.4953780660377359
0.4942336009389671
0.4950766355140187
0.4975017674418605
0.4957362824074074
0.5128418433179723
0.5052884495412844
0.5250445570776255
0.5224380045454545
0.5066801538461538
0.5002590270270271
0.4984040941704036
0.49979255357142854
0.5016312533333334
0.5000213805309734
0.49454255066079295
0.4945506754385965
0.4949888951965066
0.49497057826086954
0.4935906103896104
0.4941745862068965
0.49455951072961374
0.49333095726495724
0.49425806808510636
0.4912168601694915
0.49261105907173
0.4919442226890756
0.4926022928870293
0.4933262916666667
0.4926203609958506
0.49308802066115703
0.4940372962962963
0.49297024590163935
0.49496844489795916
0.49152932520325204
0.49252524291497973
0.49929275
0.4958750843373494
0.501531812
0.4968494860557769
0.4950767857142857
0.49173337549407115
0.4924810866141732
0.4919977725490196
0.4909660546875
0.4899578093385214
0.49013993410852713
0.49258748262548263
0.48885686538461537
0.49116345977011494
0.4914708969465649
0.49025716349809884
0.4891851174242424
0.49110789433962265
0.49256124060150375
0.4895427490636704
0.4910311380597015
0.4910131152416357
0.48971521481481484
0.49050251291512914
0.4906757169117647
0.49129526373626375
0.4910048576642336
0.48852816363636364
0.49056758333333333
0.5009811010830325
0.5303388741007194
0.521439752688172
0.5270572392857142
0.48880071174377226
0.48956943971631206
0.489668925795053
0.49015979225352113
0.4918086245614035
0.48758257692307694
0.48860947386759584
0.48915893055555554
0.4892366955017301
0.48791839310344826
0.4883557972508591
0.48858113356164384
0.4884226825938567
0.48831422108843536
0.48952323050847457
0.49668568243243244
0.4937428148148148
0.49232045637583893
0.4951625785953177
0.4873998666666667
0.4917407707641196
0.49038695033112584
0.4904250363036304
0.4890454407894737
0.4873499475409836
0.49489572875816995
0.48819749185667755
0.4876309025974026
0.48820103236245954
0.48749570322580643
0.4880563311897106
0.4857966730769231
0.48726096166134186
0.48780051910828026
0.5175128984126984
0.5007667310126582
0.4886265741324921
0.4876617044025157
0.48848487147335423
0.486459865625
0.4862690124610592
0.48616306211180127
0.48702160681114554
0.48663097222222224
0.48692682153846156
0.4856231840490798
0.4843047920489297
0.4857174237804878
0.4856791215805471
0.4852589272727273
0.48526338670694863
0.5082719879518073
0.5089989579579579
0.4960771377245509
0.4944001641791045
0.4960606398809524
0.509697762611276
0.5259736982248521
0.4870201209439528
0.5047446764705882
0.48625314662756597
0.487425447368421
0.49313978425655974
0.5207690523255813
0.49064871304347824
0.4942195809248555
0.49126366282420747
0.4897290316091954
0.495301558739255
0.5014860171428571
0.5250242934472934
0.4887367698863636
0.48776929461756374
0.5002021384180791
0.4861224985915493
0.49226620224719103
0.48484591596638654
0.48455208938547484
0.48514272980501394
0.48458477222222224
0.4853043434903047
0.4846961464088398
0.48508398898071625
0.48412420054945055
0.4850889260273973
0.484969131147541
0.48363003542234334
0.4851737038043478
0.4855309051490515
0.4837023945945946
0.4848369164420485
0.48457917204301076
0.48530199195710455
0.48408995721925135
0.48387471466666665
0.48431151861702126
0.48349058090185676
0.483047
0.4833596015831135
0.48404689736842105
0.5064981627296588
0.4897616623036649
0.4889735091383812
0.49321463541666666
0.4961585246753247
0.4982918316062176
0.4947075167958656
0.5021626829896907
0.49755671979434446
0.49439846923076924
0.4944653631713555
0.49379973214285716
0.494172893129771
0.49913850507614216
0.49515278734177215
0.49427699747474746
0.4948826523929471
0.4983476432160804
0.49721017543859647
0.494130745
0.48896011471321693
0.4892150970149254
0.48978476674937965
0.49156729455445547
0.4979592666666667
0.49511546798029554
0.49996189926289925
0.5028124901960784
0.4854193349633252
0.48512327804878047
0.4850933065693431
0.4852697427184466
0.4845254745762712
0.4846070917874396
0.48463703373493977
0.4851215432692308
0.4849168273381295
0.48493976794258375
0.5167703579952267
0.48237565
0.48158252019002373
0.48922521800947866
0.4916202245862884
0.49296288443396225
0.4903617364705882
0.49260688262910796
0.4929815831381733
0.49351081074766356
0.48983673426573426
0.4832801511627907
0.48306399071925754
0.4835549606481481
0.4847987136258661
0.48399582949308756
0.4841992528735632
0.5148216766055046
0.5038787345537757
0.506127901826484
0.4832746833712984
0.48181115454545453
0.48304996825396823
0.48332653846153845
0.48152156659142215
0.48147116891891895
0.4816069078651685
0.48093695067264575
0.48173606487695747
0.4802001629464286
0.4816910267260579
0.4875593688888889
0.49134452993348116
0.49147222345132746
0.49350176821192054
0.4930061850220264
0.4926846
0.5066045745614035
0.4968741378555799
0.4938333209606987
0.4937329106753813
0.4937678260869565
0.4931763318872017
0.4917436341991342
0.4944195485961123
0.4936990043103448
0.5381058365591398
0.49034893776824034
0.4800843533190578
0.4821286260683761
0.483736829424307
0.4827313042553191
0.484002059447983
0.48435259110169493
0.4800552050739958
0.4805728523206751
0.48345333263157897
0.48067475
0.48058892243186585
0.4809787008368201
0.4820211670146138
0.4933765041666667
0.4861250831600832
0.48296565975103734
0.48115106211180125
0.4810512768595041
0.4792224969072165
0.47956350411522636
0.47977904928131415
0.47976025
0.4797287689161554
0.4795612530612245
0.4793405050916497
0.4818348150406504
0.48004621703853956
0.4793086072874494
0.47929387272727275
0.479510627016129
0.47961077263581486
0.4805412610441767
0.4793185671342685
0.478955528
0.4792436906187625
0.497882280876494
0.4789384314115308
0.47900860515873017
0.4791472316831683
0.47892497826086955
0.4788255364891519
0.4790705905511811
0.4790508565815324
0.47861016470588236
0.47862338943248534
0.478243255859375
0.4791747738791423
0.478832173151751
0.4788296213592233
0.4787543042635659
0.4786700502901354
0.478785777992278
0.4786674913294798
0.4785671423076923
0.47775941266794625
0.4784830766283525
0.4786208260038241
0.47821192557251907
0.4780913257142857
0.4783773403041825
0.4783790436432638
0.47823733901515153
0.4786098260869565
0.4803073886792453
0.47887837853107346
0.47838084022556393
0.47814550469043154
0.4784712509363296
0.4782084971962617
0.47831709141791046
0.477930800744879
0.47899239776951674
0.4781049165120594
0.47830345740740743
0.4782200776340111
0.47839564022140224
0.4780151639042357
0.47827742463235295
0.4775522018348624
0.47763401831501834
0.47769835648994513
0.4808997828467153
0.478272985428051
0.4780824509090909
0.4778614210526316
0.4777484981884058
0.47754516817359854
0.47725968231046934
0.4782039369369369
0.47796953597122305
0.4795276858168761
0.4770921111111111
0.4778984633273703
0.47778822857142855
0.47763300534759356
0.47776425266903916
0.4776484156305506
0.477690109929078
0.47831086017699115
0.4779002703180212
0.4773801446208113
0.4774083080985915
0.4775169297012302
0.4775646298245614
0.4772496252189142
0.4772319965034965
0.47730352006980803
0.47741871602787456
0.4773704504347826
0.47735235243055557
0.4776870381282496
0.4773922439446367
0.47734406735751295
0.4766287120689655
0.4774262048192771
0.47728127491408934
0.47637832246998285
0.47683138356164384
0.477210188034188
0.4770094829351536
0.4770454735945486
0.4772310850340136
0.4769920458404075
0.4773817271186441
0.47715578003384096
0.4771072837837838
0.4782243389544688
0.47708551515151515
0.4769450974789916
0.47739997483221475
0.4768868743718593
0.47612636120401336
0.47699725375626045
0.476752055
0.47659815307820297
0.47703380897009967
0.4768259369817579
0.47698103642384104
0.476472320661157
0.4768094191419142
0.47691236408566723
0.47666019901315787
0.4769196157635468
0.4760246
0.4772861636661211
0.47736931535947713
0.4768232805872757
0.47684191530944625
0.47673424715447155
0.4768803538961039
0.47674535656401945
0.4766453284789644
0.4768541292407108
0.47660505322580643
0.4761253510466989
0.476364770096463
0.4767027142857143
0.4762943573717949
0.4766861648
0.4763551948881789
0.4762583684210526
0.4764320573248408
0.4777071081081081
0.47660525873015874
0.4759286259904913
0.4758675332278481
0.47583296524486574
0.47603495583596217
0.47674249291338583
0.4761512610062893
0.4763085039246468
0.4764293134796238
0.47630182942097027
0.4759404203125
0.476374496099844
0.4764058816199377
0.4763593825816485
0.4759621444099379
0.4761528
0.47613224922600617
0.47627215919629057
0.47620955555555555
0.47616945916795067
0.4760805446153846
0.47599127496159754
0.47632213496932513
0.4762586937212864
0.47540958409785933
0.4760822885496183
0.4752639466463415
0.47605086605783864
0.47566363981762916
0.47609878148710166
0.475713446969697
0.475939119515885
0.4758333157099698
0.4756922307692308
0.4758400647590361
0.4758181022556391
0.4759392837837838
0.4759516431784108
0.4758854071856287
0.4756154678624813
0.4757621208955224
0.4757871788375559
0.4757662961309524
0.475649117384844
0.4753140118694362
0.4758121125925926
0.47634120857988166
0.4754596410635155
0.47568044100294987
0.4756218630338733
0.4756341191176471
0.4758803729809104
0.47565727126099705
0.4756811054172767
0.475611548245614
0.4756275678832117
0.4756979693877551
0.47558645269286753
0.4757427412790698
0.4765172815674891
0.4756026768115942
0.4755546078147612
0.47580973265895954
0.4751785945165945
0.4756261469740634
0.47518125755395685
0.4754370962643678
0.47551575466284074
0.47530877793696275
0.47527089270386264
0.47546782285714284
0.4754989900142653
0.4754581695156695
0.47542573257467996
0.4752985738636364
0.47544473758865247
0.47588457648725213
0.4753967312588402
0.475360104519774
0.47544882651622
0.47541439859154927
0.47538259915611814
0.47465953511235953
0.47527053155680227
0.4751027380952381
0.4752359286713287
0.4751751187150838
0.47553604741980476
0.47572568105849583
0.47529493324061195
0.47519914305555555
0.47564604022191403
0.4753093781163435
0.4752322074688797
0.4750588038674033
0.4751541062068966
0.47519394077134985
0.47511065474552955
0.4749550192307692
0.4751024362139918
0.4750375493150685
0.4750386566347469
0.474925043715847
0.47486480081855387
0.4752341130790191
0.4748984598639456
0.47531835461956523
0.47489175848032567
0.474943972899729
0.47519675778078485
0.47463697837837837
0.474461967611336
0.47494238544474393
0.4747877187079408
0.4745211048387097
0.47467771275167786
0.4749349034852547
0.4746094444444444
0.47478938502673795
0.47481403871829103
0.47519592666666666
0.47457832889480694
0.4745879906914894
0.47447575697211153
0.4746701976127321
0.47483590993377484
0.47564896825396824
0.4747621030383091
0.4747482810026385
0.47480146376811594
0.4747697197368421
0.4747157437582129
0.47457403937007875
0.47448676802096984
0.4749837997382199
0.47474479869281044
0.47481497911227155
0.47452907561929597
0.47455157161458333
0.47461004031209364
0.4745473987012987
0.4742226627756161
0.4744914468911917
0.4746956662354463
0.47437179198966406
0.47449880129032257
0.4743661404639175
0.47448105405405405
0.47452551928020564
0.4745729627727856
0.4745384282051282
0.474402290653009
0.47436642455242967
0.4742546998722861
0.4742588341836735
0.4745152840764331
0.4737564605597964
0.47421623888182973
0.47406050126903554
0.47442765019011407
0.47435323037974686
0.4746854804045512
0.47415972727272726
0.4742069974779319
0.47470222795969774
0.47427675220125787
0.47429706155778895
0.4742763462986198
0.4760305200501253
0.4743254881101377
0.4742614
0.474187784019975
0.4743757231920199
0.47415181444582816
0.4747029291044776
0.4742512857142857
0.47413449131513646
0.47432476208178437
0.4743233391089109
0.47401397651421506
0.4741668012345679
0.4740013871763255
0.47425204187192116
0.47398262607626074
0.47400014864864864
0.4741136601226994
0.47399100367647057
0.473814817625459
0.47393430195599023
0.4740688547008547
0.4742095073170732
0.4740793215590743
0.473995397810219
0.47404390157958687
0.47403417111650487
0.47403138545454543
0.4739491743341404
0.4742855356711004
0.47392573188405795
0.4739727985524729
0.4743061469879518
0.4740136089049338
0.47373747235576924
0.4739579975990396
0.473888221822542
0.47385039520958083
0.47434145933014354
0.47499408482676225
0.47377735918854413
0.47357089630512517
0.47372548214285715
0.47374083234244946
0.4736636638954869
0.4736446026097272
0.4736591172985782
0.47382202130177514
0.4738761513002364
0.47373851239669423
0.4736801108490566
0.47369526501766784
0.47386488352941175
0.4742012961222092
0.4736100399061033
0.4738950703399766
0.4741810281030445
0.47426553450292397
0.4737403306074766
0.4737278599766628
0.47388413752913755
0.47391844586728754
0.47380921046511626
0.47393237282229966
0.47371509512761023
0.4738790417149479
0.4737847662037037
0.4737167445086705
0.47358623556581986
0.47363007497116494
0.47361089861751154
0.4735739758342923
0.47374107816091954
0.4737369735935706
0.47364564220183486
0.4736970469644903
0.47469121167048056
0.4735112731428571
0.4738536358447489
0.48401611288483465
0.4736890637813212
0.47352057224118316
0.4734822590909091
0.4736282417707151
0.47351060997732425
0.47341573386183466
0.4733064253393665
0.47335427457627116
0.4734208329571106
0.4744324825253664
0.47345882432432435
0.473433361079865
0.4734043853932584
0.47361247699214365
0.4733537600896861
0.47336050279955205
0.47354154586129754
0.47338911620111734
0.47334084263392856
0.47364392976588626
0.4732999810690423
0.4733736129032258
0.47323274
0.47315316315205325
0.4731890975609756
0.47326388482834997
0.4732406471238938
0.4730904419889503
0.47313539293598234
0.47333061411245864
0.47414202202643174
0.47339834543454345
0.47347534065934066
0.47343418990120745
0.47351725877192985
0.4734852081051479
0.4735005251641138
0.4734597213114754
0.4733559519650655
0.47341500218102506
0.4734425708061002
0.47326618933623504
0.4733196097826087
0.4733717643865364
0.4733427895878525
0.47329331094257854
0.47329725324675326
0.47402072324324324
0.4738640572354212
0.4733802535059331
0.4732122338362069
0.47332411733046287
0.47316206559139784
0.4732577411385607
0.4731233068669528
0.4732071243301179
0.4730897880085653
0.4731990449197861
0.47314884935897433
0.4731466339381003
0.47314746375266525
0.47306685516506924
0.4730924595744681
0.47287575876726884
0.47300626645435245
0.4727991399787911
0.47293916737288133
0.47299323492063494
0.4728719376321353
0.47297773812038013
0.4729196023206751
0.4730840948366702
0.4729292557894737
0.47294896635120925
0.47288369957983195
0.4729503966421826
0.47287896645702304
0.47305462408376964
0.4727740115062761
0.47278464785788926
0.472805108559499
0.4728647622523462
0.4728502520833333
0.472871505723205
0.4728466444906445
0.472833010384216
0.47255105290456434
0.4727817906735751
0.4733161563146998
0.47299600517063084
0.4732444803719008
0.4780989793601651
0.4729882680412371
0.47292980947476826
0.4729139516460905
0.47319913052415213
0.47281170739219713
0.47273815076923076
0.47292170286885243
0.47275427635619244
0.472723100204499
0.47274724923391215
0.47286317551020407
0.4729249602446483
0.47260257026476576
0.4725061943031536
0.47261592784552847
0.47298812487309644
0.4727153975659229
0.47264013880445793
0.47313406477732795
0.4726341233569262
0.47259144848484846
0.4726647083753784
0.4727927127016129
0.47269322960725074
0.47260700402414485
0.4725700170854271
0.4725522108433735
0.47250128084252757
0.47235108617234467
0.4724925005005005
0.472533272
