620.0
213328.0
873340.0
1148206.0
660312.0
1028210.0
1456784.0
1990338.0
1191808.0
393916.0
474066.0
559194.0
648432.0
761910.0
859590.0
973750.0
1090290.0
1240326.0
1387216.0
1519364.0
1659432.0
1850390.0
1992230.0
2183926.0
2880210.0
3215844.0
3475462.0
3783560.0
3975546.0
3369614.0
3683430.0
3878680.0
4139164.0
4399262.0
4649880.0
4932566.0
5249234.0
5859206.0
6531150.0
6819516.0
7182592.0
7542768.0
7948414.0
8319630.0
8694616.0
9113802.0
9019290.0
9902824.0
1.0294208E7
1.0789342E7
1.116642E7
1.1668802E7
1.2064718E7
1.2626194E7
1.3010208E7
1.3564374E7
1.4028868E7
1.4540072E7
1.5089676E7
1.56347E7
1.6262832E7
1.6271474E7
1.7325592E7
1.7765288E7
1.8355542E7
1.8916324E7
1.9562318E7
2.0092402E7
2.0665614E7
2.122393E7
2.1820394E7
2.193331E7
2.3190588E7
2.38564E7
2.4516354E7
2.5095358E7
2.570328E7
2.6514752E7
2.7253044E7
2.577629E7
2.869677E7
2.9228732E7
3.0097692E7
3.0884284E7
3.1732744E7
3.2321448E7
3.121723E7
3.3701284E7
3.4803042E7
3.5560874E7
3.6335556E7
3.6636742E7
3.7881788E7
3.8931916E7
3.974377E7
4.058531E7
4.1026914E7
4.145194E7
4.3068092E7
4.4062982E7
4.4983092E7
