n went from 1 to 1000
3.280996
0.723453
1.162794
0.5531365
2.249224
0.46568166666666666
0.8822135714285714
0.436383
0.8722151111111112
0.8686729
0.910853
0.9168468333333334
0.8788790769230769
0.5165009285714286
0.5427228666666667
0.5373593125
0.5152832941176471
0.5058824444444444
0.5051203684210527
0.5227249
0.5201244285714286
0.5181730909090909
0.6340058260869565
0.5184890416666667
0.51136772
0.5097603461538461
0.5082204814814815
0.5064028214285714
0.5051463448275862
0.5042699666666667
0.5025936774193548
0.50356559375
0.5005170909090909
0.49932820588235294
0.4990044
0.49740216666666665
0.4966528108108108
0.49592786842105263
0.4951139487179487
0.494289225
0.49367009756097563
0.49299188095238095
0.4924833488372093
0.4917204772727273
0.4943343111111111
0.49905145652173916
0.49015668085106384
0.49033229166666664
0.48906297959183676
0.48919898
0.48817049019607844
0.48778655769230767
0.4873286037735849
0.4869052037037037
0.4866153818181818
0.4861966071428571
0.486045
0.4856937931034483
0.4856031355932203
0.48489666666666664
0.4860589016393443
0.48419741935483873
0.48393722222222224
0.48375203125
0.5986728461538462
0.48333892424242425
0.4916428358208955
0.4854074705882353
0.4824164492753623
0.4820942857142857
0.4819120704225352
0.4816376388888889
0.4835811369863014
0.4813598648648649
0.4812051466666667
0.57889725
0.5818484675324676
0.480534358974359
0.48077791139240506
0.4801055
0.48006166666666666
0.4797440243902439
0.4809070361445783
0.4797622619047619
0.4794571294117647
0.47940187209302326
0.5664883333333334
0.5587392727272728
0.47885693258426965
0.4785316777777778
0.47860841758241757
0.4784278260869565
0.5428113118279569
0.5608384893617021
0.5587340421052631
0.5611285104166667
0.5565233402061855
0.554508387755102
0.5482293232323232
0.52915296
0.5288957425742574
0.529945637254902
0.5247087766990292
0.523426826923077
0.5234927238095238
0.5211220849056604
0.5242287102803739
0.5268422592592592
0.5233435963302753
0.5286825545454545
0.5224337117117117
0.5235454107142857
0.525417407079646
0.5191060438596491
0.5165355478260869
0.5237729482758621
0.5154698888888889
0.5150923898305084
0.5203636134453782
0.5180718083333333
0.5157536859504133
0.5307569672131147
0.5269117154471544
0.5202680967741935
0.525976872
0.5283905555555556
0.5264477795275591
0.5146860703125
0.5111087441860465
0.5177367923076923
0.5268846946564886
0.5242209242424243
0.5153765338345865
0.5178473134328359
0.5130874962962962
0.7586002352941177
0.5273994890510949
0.5117565
0.5111580071942446
0.5123273928571429
0.5110598723404255
0.5109387112676056
0.5086292027972028
0.51094275
0.5094712620689655
0.5093319657534247
0.512296238095238
0.5066894054054054
0.5068080201342282
0.50676094
0.5068151920529801
0.5075618355263158
0.5094500065359477
0.5150687337662337
0.5064038967741935
0.506386217948718
0.5088880891719745
0.5027066772151899
0.5045722955974843
0.510413625
0.5019903726708075
0.5046892530864198
0.5044621717791411
0.5047009695121951
0.5049538909090909
0.5053449819277108
0.5051321616766467
0.5031963035714285
0.5004356745562131
0.5019153529411765
0.5031885555555555
0.5024729011627908
0.49985033526011563
0.5027127471264368
0.5022254
0.5002503522727273
0.5018227853107344
0.5025662752808989
0.5013732569832402
0.5011989333333333
0.49817231491712705
0.5010536703296703
0.49772426775956286
0.49881930434782606
0.4999029945945946
0.5179785107526882
0.4991814759358289
0.4992717553191489
0.501597835978836
0.5001271526315789
0.49954081151832463
0.49693371354166666
0.499778207253886
0.49819664948453607
0.5014333282051282
0.4993884540816326
0.5689626243654823
0.5124629242424242
0.498587
0.497731545
0.5004551741293533
0.49489497524752474
0.49701958128078816
0.5000036911764706
0.49550228292682924
0.49615316990291264
0.4975414685990338
0.5736052836538461
0.49641633971291865
0.4970897523809524
0.5013118625592418
0.49607075
0.495153220657277
0.4960110794392523
0.4951278465116279
0.4978647407407407
0.4952807649769585
0.4970053990825688
0.4964230684931507
0.4948332818181818
0.4948384389140271
0.49523422972972975
0.4960453408071749
0.49426585714285715
0.4938780711111111
0.4934857654867257
0.49546296475770923
0.49404302631578945
0.49421880349344977
0.49454425217391307
0.49415954545454543
0.4934860775862069
0.49437842060085835
0.4942455042735043
0.49271951489361704
0.49475875423728816
0.49399414767932487
0.4922843781512605
0.4940382552301255
0.4937356625
0.49436701659751037
0.49541753305785124
0.49365881481481483
0.49529595081967215
0.493536787755102
0.492199674796748
0.49486245748987856
0.49331526612903226
0.4914926345381526
0.49365566
0.49217519920318725
0.49133667063492065
0.49377173913043476
0.4934521102362205
0.4919402862745098
0.4939627421875
0.48889965369649807
0.4937451279069767
0.4919007799227799
0.4925665961538462
0.48972654406130267
0.4918283893129771
0.49051694676806085
0.49098420075757576
0.4903113094339623
0.4903051203007519
0.49113641573033706
0.48973832835820896
0.4903871524163569
0.4890992703703704
0.4909962804428044
0.49075701470588234
0.4901364249084249
0.4891022737226277
0.48784578545454543
0.4891372898550725
0.4890927653429603
0.4899221942446043
0.4886888853046595
0.4871508464285714
0.48900479003558717
0.48976563120567373
0.48944365371024734
0.48961619366197184
0.49022748070175437
0.4894253846153846
0.48951158536585365
0.4881695555555556
0.4889619169550173
0.48735635862068966
0.4885473367697595
0.48730806506849317
0.48744054266211606
0.4874983095238095
0.48743406101694914
0.48820016891891893
0.48850641077441076
0.4874124563758389
0.48785921739130433
0.48783120333333335
0.48692886710963457
0.4884083410596026
0.4896222739273927
0.49088595394736845
0.5392446163934427
0.48830636601307187
0.487040348534202
0.4877939577922078
0.4890140776699029
0.4896569806451613
0.48776969453376207
0.4882614326923077
0.48817346325878597
0.48751521974522294
0.4885338126984127
0.48884523734177215
0.48626945741324923
0.4868968616352201
0.4859688401253919
0.486705253125
0.48654568847352025
0.49899530745341614
0.48843330959752324
0.48738169444444446
0.4866342
0.4876397484662577
0.4860752232415902
0.48561973475609754
0.486204094224924
0.48690720606060606
0.48632775528700906
0.4861065722891566
0.4850936006006006
0.48610922155688624
0.4857545552238806
0.48751712797619046
0.48825396735905047
0.4851204526627219
0.48865249262536875
0.5062509058823529
0.485851715542522
0.4910042777777778
0.48708449562682216
0.48495172093023253
0.4835503304347826
0.48343860693641616
0.48524609798270896
0.4855306321839081
0.48455529512893986
0.4850670028571429
0.4863112279202279
0.48497170738636364
0.48361425779036826
0.4843395
0.48367650985915495
0.4838638623595506
0.48435094957983194
0.4845884413407821
0.48482761838440114
0.48445850555555553
0.4837726592797784
0.4842407845303867
0.4840786446280992
0.48392091483516486
0.4835077561643836
0.4837914043715847
0.48426623160762944
0.48266866032608696
0.484363243902439
0.4836296621621622
0.4831355849056604
0.48369484677419355
0.4836214691689008
0.48371623796791446
0.48302376
0.48309913563829787
0.48291702917771884
0.4828462883597884
0.48377798680738787
0.48307888157894735
0.48341718635170605
0.48217287434554973
0.4831676997389034
0.4827524140625
0.48231483896103894
0.4832749067357513
0.482679173126615
0.48237032474226804
0.48857868123393317
0.48775875384615386
0.48411461125319694
0.4830180943877551
0.4817917659033079
0.48254887055837564
0.482567746835443
0.48169338131313133
0.48255762972292193
0.48325463065326635
0.48237082706766915
0.4817981425
0.4806792219451372
0.4911381044776119
0.4814661141439206
0.4823440940594059
0.48195047160493826
0.48236276600985223
0.4818339090909091
0.4816285220588235
0.481647119804401
0.48227113170731706
0.48125545742092457
0.4812584902912621
0.482663191283293
0.4818147463768116
0.48204515662650604
0.4814945625
0.48141582973621105
0.48204783492822967
0.5029218019093079
0.4818166761904762
0.4802325795724466
0.4811384336492891
0.4809784491725768
0.4814057712264151
0.4811368517647059
0.481384823943662
0.48062747775175646
0.4815159953271028
0.48106993706293705
0.4814295953488372
0.48138201856148494
0.4810982106481482
0.4807395011547344
0.48107367741935486
0.4806290643678161
0.4803353876146789
0.4811647871853547
0.4835852602739726
0.4815261002277904
0.4808095363636364
0.4811640793650794
0.48107091628959275
0.4806026027088036
0.4812366779279279
0.4804174224719101
0.48108301793721975
0.4807546129753915
0.4803423839285714
0.48099369933184855
0.4808280111111111
0.48027038359201774
0.480693842920354
0.4800409779249448
0.48075507709251103
0.4800532153846154
0.4805085679824561
0.4799160240700219
0.4805802925764192
0.48119214814814815
0.4800570586956522
0.4804377440347072
0.4801835411255411
0.4803595010799136
0.480359900862069
0.48032629892473117
0.47951482832618025
0.47926470021413276
0.47990550427350426
0.4799773987206823
0.4795915680851064
0.48002626326963904
0.47969836440677965
0.47950932769556026
0.47997796202531645
0.48005684
0.4794884180672269
0.47939757232704405
0.47970189330543933
0.4795146158663883
0.47882926875
0.47934461954261953
0.4797486182572614
0.47979252173913045
0.4796955681818182
0.47914233608247425
0.479056475308642
0.4798345954825462
0.47925390778688526
0.47924390593047034
0.47941731428571427
0.47910399389002034
0.47909559959349596
0.47931872210953347
0.47959853036437244
0.47944373333333334
0.47933849798387096
0.47938442253521124
0.47893292570281126
0.480842126252505
0.47975856
0.4789535528942116
0.47912903187250994
0.4791482902584493
0.47904847817460317
0.47896853465346534
0.4793277727272727
0.4791146528599606
0.47907730708661417
0.4785027151277014
0.47878657843137257
0.47920281017612526
0.47920101953125
0.47870970760233916
0.4788906459143969
0.4795095786407767
0.47875062790697676
0.4789669013539652
0.4786870714285714
0.4786640809248555
0.4787047173076923
0.4785042034548944
0.4784718831417625
0.47794768833652007
0.4785897576335878
0.4783467238095238
0.4785072319391635
0.47862892979127136
0.47880975378787877
0.4785228506616257
0.4780426867924528
0.4783907683615819
0.4785767142857143
0.4780781238273921
0.47810858239700377
0.477893923364486
0.4780858078358209
0.4780989515828678
0.4783456338289963
0.47819674768089054
0.4779805833333333
0.4780160979667283
0.47749478782287824
0.4778404769797422
0.47842977941176473
0.47784016146788993
0.47773610805860806
0.47860305850091406
0.47803416605839416
0.47784048633879783
0.4780139127272727
0.47793543920145193
0.47802610869565215
0.47695090777576854
0.4778044620938628
0.47724954954954957
0.4774591456834532
0.47771179174147216
0.4782156594982079
0.4777329982110912
0.47752162857142855
0.47759375757575756
0.47768170996441284
0.47753473712255773
0.47713743617021276
0.47757392035398233
0.47715392756183744
0.47780064373897707
0.47734299647887324
0.47731296309314586
0.47867693684210527
0.4778181663747811
0.47760825
0.47748056893542756
0.4774404006968641
0.4772328104347826
0.4770762708333333
0.4773176863084922
0.47728913667820067
0.4772510621761658
0.4770876051724138
0.47723674182444065
0.4770494347079038
0.4771845883361921
0.47741068493150685
0.47739875897435896
0.4771396075085324
0.4770950357751278
0.47719566156462584
0.47702415280135824
0.47724108305084745
0.47737865143824026
0.4769647635135135
0.4769924384485666
0.47650182491582493
0.4773496
0.4770676308724832
0.4769897554438861
0.4771083779264214
0.4771314757929883
0.47689989833333335
0.47666975873544093
0.47699458139534884
0.4770720464344942
0.47694793046357614
0.47681630578512396
0.4769621897689769
0.47691904942339375
0.477142875
0.4766307126436782
0.4770627475409836
0.4764296022913257
0.47682112418300654
0.476775616639478
0.47652898859934856
0.476833762601626
0.47663738311688314
0.4766765348460292
0.4765188640776699
0.4762752746365105
0.4763147887096774
0.4766489565217391
0.4765372974276527
0.4764151091492777
0.47655670993589744
0.4766689616
0.47620806549520767
0.4764999744816587
0.4764952659235669
0.4764950906200318
0.4763091873015873
0.4762584833597464
0.4760528639240506
0.4763112037914692
0.47633598895899054
0.47625208346456693
0.47629710220125787
0.47604232967032967
0.4762177225705329
0.4761720876369327
0.47682806875
0.47645254290171607
0.47789830996884736
0.4761712503888025
0.4762828043478261
0.47631086976744186
0.4762259226006192
0.4762560602782071
0.4762844521604938
0.476451093990755
0.4762329184615385
0.4760513717357911
0.47618706595092025
0.4759692986217458
0.4760960489296636
0.4759218519083969
0.4760665320121951
0.4759969589041096
0.4760396914893617
0.4760341608497724
0.4758839515151515
0.475999791225416
0.47603802870090633
0.4758867571644042
0.47602948192771083
0.47577827518796995
0.4760650660660661
0.4758450389805097
0.4753030089820359
0.4756673437967115
0.47597930447761194
0.47572201341281667
0.47659922767857144
0.47572888855869244
0.47590476854599406
0.4756388148148148
0.47586701923076924
0.4756813028064993
0.47568688053097347
0.47541874963181147
0.47578874264705884
0.4758134508076358
0.4754106568914956
0.476514074670571
0.47557505116959065
0.4757102759124088
0.4757883279883382
0.47554406259097526
0.4756412863372093
0.4755934092888244
0.4756103666666667
0.47566362952243124
0.47548097687861274
0.4757104458874459
0.47573697694524497
0.47549913525179854
0.4755868577586207
0.4753984347202296
0.4764656246418338
0.47606210872675253
0.4754703057142857
0.478524029957204
0.4755261851851852
0.4754809231863442
0.4769418622159091
0.47534104680851064
0.4753440552407932
0.47661074823196603
0.47540605084745763
0.4751720592383639
0.4752223718309859
0.47517317721518987
0.4754255632022472
0.4752404460028051
0.47522655882352943
0.47520020699300697
0.4752756340782123
0.47525408228730825
0.4751848788300836
0.475219066759388
0.4748279513888889
0.47502099583911234
0.47504310664819943
0.4750490428769018
0.47506648342541435
0.47495293517241377
0.47520181955922863
0.4749910027510316
0.47506864285714284
0.475167511659808
0.4750322493150685
0.47518467305061557
0.4750731174863388
0.4748669004092769
0.47531619754768395
0.47504746394557823
0.47479382472826087
0.47476589959294435
0.47487360704607046
0.4745669959404601
0.47496595
0.47492728205128204
0.47506575471698115
0.47487498923283983
0.47488452016129035
0.47487137718120803
0.4747408351206434
0.4747193935742972
0.47484185962566844
0.47438763684913215
0.47482025466666666
0.4745552982689747
0.4746143776595745
0.4746194780876494
0.47464635543766576
0.4747228039735099
0.4743433650793651
0.4745346195508586
0.47468931530343006
0.47475083662714096
0.4745957144736842
0.4749286136662286
0.47468485564304463
0.47473241939711663
0.47467708115183244
0.47465545751633986
0.474420772845953
0.4745853924380704
0.4745100546875
0.4744958868660598
0.4745119896103896
0.4743041984435798
0.47457463860103627
0.4745725304010349
0.47451985788113693
0.47445915483870965
0.47448728092783504
0.4744206628056628
0.4746759357326478
0.4743693543003851
0.4741450025641026
0.47460894110115237
0.47441892583120204
0.4743190625798212
0.4744401033163265
0.4748579388535032
0.4735258358778626
0.474929707750953
0.47406685532994924
0.4744337553865653
0.47435453037974684
0.4743745689001264
0.4747776830808081
0.4741843316519546
0.47440178589420656
0.4743118666666667
0.4738230841708543
0.474335035131744
0.4740410902255639
0.47436200750938673
0.4740290125
0.47426678277153556
0.4741514451371571
0.47418157409713574
0.4740594017412935
0.4742434583850932
0.47416419354838707
0.47402909045848823
0.4739303861386139
0.47416470086526574
0.4741606160493827
0.4739767768187423
0.47417189408866994
0.4740932386223862
0.4741395565110565
0.4743527509202454
0.474189568627451
0.4740527698898409
0.47397086674816624
0.4740694542124542
0.4739924256097561
0.47379977466504264
0.47404531386861315
0.4739299428918591
0.4739383834951456
0.4738850593939394
0.47392884745762714
0.473989192261185
0.47773725241545895
0.4818614366706876
0.48971665662650604
0.47540418652226235
0.4741768209134615
0.4740424141656663
0.47469820143884894
0.4739732107784431
0.474896456937799
0.4743102126642772
0.47389154773269687
0.5053400774731823
0.4789484523809524
0.4738158168846611
0.47405023159144893
0.4756526393831554
0.47396799170616116
0.4767422899408284
0.47421712056737586
0.47388075560802834
0.47371831014150945
0.4754533886925795
0.4739915223529412
0.47377472502937723
0.473780088028169
0.4738507983587339
0.4915465
0.4749467614035088
0.47439452102803736
0.47444858109684945
0.4739815780885781
0.4744884109429569
0.47419710697674416
0.47379806155632986
0.4740329257540603
0.47559664194669754
0.5160520578703703
0.49397811445086703
0.4752422655889145
0.47815151211072665
0.4776138029953917
0.4994250149597238
0.4736776390804598
0.47387679563719864
0.47376650802752296
0.4756228545246277
0.4759638947368421
0.4747648
0.4767243105022831
0.4748133055872292
0.4986406685649203
0.5138902343572241
0.5245420670454546
0.4786024540295119
0.4836220963718821
0.4739517066817667
0.49039717760180995
0.47754210282485876
0.4779036602708804
0.5582363652762119
0.5245968952702703
0.49637215860517436
0.477487602247191
0.49370419079685746
0.4755591087443946
0.47328650727883537
0.4739446096196868
0.47510371284916203
0.4886835904017857
0.475554635451505
0.47584069153674835
0.4832405172413793
0.4928940611111111
0.5317277780244173
0.525746044345898
0.47377855481727577
0.4747963174778761
0.4807114453038674
0.47493319977924947
0.47363494597574424
0.473456359030837
0.47328686468646863
0.47352169450549453
0.4732927552140505
0.4739415427631579
0.4737252530120482
0.4736770032822757
0.47318174972677596
0.4732601692139738
0.4732275997818975
0.4732362026143791
0.4733631088139282
0.4731566239130435
0.4730288729641694
0.47319002711496744
0.47334395124593714
0.4732399924242424
0.4731009827027027
0.47312358855291575
0.47291733549083065
0.4751846681034483
0.47308982777179764
0.47305178924731184
0.4731075381310419
0.4729993712446352
0.47310595712754555
0.47298384689507494
0.47306853262032084
0.47309631837606836
0.4756652091782284
0.4755235170575693
0.4880351160809372
0.4882936244680851
0.47306637300743887
0.4730146008492569
0.4731321060445387
0.4730031186440678
0.4729740518518519
0.47297398942917546
0.4729584973600845
0.4730193470464135
0.4729019694415174
0.47307589684210527
0.4738148138801262
0.4732181817226891
0.4730760912906611
0.4729951897274633
0.4730419947643979
0.47304301255230125
0.4734558014629049
0.47338746972860124
0.47340848070907193
0.4729636479166667
0.47309313631633715
0.47303168295218295
0.4730437528556594
0.4731225414937759
0.47311441968911916
0.47307990476190476
0.4729668190279214
0.4728281415289256
0.4729773230134159
0.4729906278350515
0.47296810916580845
0.4729170565843621
0.472922295991778
0.47284151026694043
0.4727537917948718
0.4729982663934426
0.4725969672466735
0.47308440388548056
0.47279080183861083
0.47281440714285716
0.47299325382262997
0.47284188289205703
0.47297783519837233
0.47283908333333335
0.47283070456852794
0.47287158113590266
0.47282096757852077
0.47274850101214577
0.4731310414560162
0.4729133515151515
0.4730883451059536
0.4729719637096774
0.47268416314199396
0.4728734688128773
0.4727258030150754
0.4728098082329317
0.4726949077231695
0.4725894498997996
0.47280744944944947
0.472603601
