1070
1030
1006
1005
968
1003
992
995
974
962
985
974
1007
992
976
962
981
978
970
961
968
932
969
971
941
928
928
918
929
937
941
928
909
932
935
934
929
921
921
903
897
936
937
926
895
920
919
904
917
935
925
919
933
930
912
892
893
882
881
913
906
901
884
875
870
878
897
886
873
852
893
880
873
849
882
870
860
883
860
867
838
853
849
842
849
846
844
840
859
836
844
832
830
816
840
817
865
851
850
858
836
824
814
803
803
829
817
810
802
784
849
852
806
794
845
837
810
809
807
809
788
798
797
796
782
784
784
784
775
758
794
788
780
760
756
747
765
758
779
769
740
768
742
758
741
752
734
719
770
759
713
746
743
735
726
715
712
723
722
714
730
722
723
702
700
686
706
721
704
710
691
690
688
709
701
684
680
695
679
695
716
693
676
676
659
673
657
677
674
668
669
663
661
649
671
651
644
689
679
652
636
653
668
638
656
646
646
628
630
618
629
627
643
627
621
614
605
634
649
622
612
592
639
614
604
607
614
598
583
606
594
586
612
620
589
608
594
580
559
575
611
598
572
560
563
584
572
554
561
565
556
571
571
540
547
552
561
550
540
529
525
558
547
519
556
560
532
518
512
516
543
541
519
512
532
542
526
502
518
495
509
499
495
532
512
501
511
504
483
491
479
486
492
476
497
496
479
463
487
483
460
484
482
490
471
449
459
455
469
473
459
459
458
443
433
441
446
446
437
455
460
435
429
425
415
450
447
408
421
409
429
422
437
427
401
425
413
412
399
391
414
415
393
415
401
428
430
403
397
410
395
391
373
387
377
394
383
375
364
397
397
377
369
356
364
370
361
362
360
374
362
347
366
358
343
338
370
357
350
350
338
327
343
334
364
378
338
326
318
329
313
303
312
339
333
310
325
317
324
306
303
291
341
322
311
296
288
279
291
300
287
285
312
322
289
296
283
264
296
286
290
274
270
257
261
286
284
257
264
252
259
240
256
246
261
260
245
240
244
243
259
254
242
246
238
233
227
241
232
230
211
217
237
239
214
227
231
240
202
209
204
207
201
214
192
209
215
197
183
192
175
213
187
189
191
181
156
177
183
164
191
187
155
182
173
154
164
151
166
169
162
162
143
146
144
153
157
138