20
20
20
20
20
19
20
20
20
20
30
20
20
30
20
20
30
20
30
30
20
20
39
30
40
20
50
50
50
30
30
30
30
60
50
20
29
60
20
20
40
40
70
60
20
70
20
50
90
80
80
20
50
30
40
70
100
50
20
50
80
100
20
80
69
30
60
90
70
80
80
100
100
100
110
110
110
120
110
90
119
79
30
49
30
80
60
40
110
100
110
100
30
70
90
140
30
129
150
140
90
40
120
150
60
130
110
120
20
90
150
130
60
159
160
30
60
160
40
60
40
30
140
150
140
40
170
169
80
60
20
200
110
170
100
130
30
130
119
190
90
109
20
60
210
30
199
220
150
30
120
60
139
180
180
30
120
130
170
30
120
160
160
239
169
70
160
160
119
230
180
149
90
229
169
160
159
90
159
250
209
109
110
249
170
60
129
110
129
260
39
119
290
230
130
30
250
20
250
250
230
280
249
279
60
150
180
110
40
190
120
290
149
59
160
269
40
320
280
119
100
90
320
20
109
60
260
190
329
180
300
30
110
279
320
340
340
150
309
180
99
160
120
260
280
280
90
340
280
159
120
229
30
70
100
200
90
370
200
50
300
30
340
260
90
60
390
100
190
210
130
140
229
30
180
110
279
350
50
160
270
230
350
350
369
419
260
209
410
370
120
190
180
149
239
239
160
330
40
200
340
260
420
419
370
240
310
380
50
370
290
330
30
190
260
360
380
430
150
310
339
359
330
120
210
260
460
250
250
250
270
500
490
369
250
330
189
460
460
339
400
410
260
360
459
210
510
220
340
50
410
400
400
420
390
400
369
240
450
110
290
279
550
330
229
100
400
380
390
230
430
530
190
390
369
160
90
310
190
200
210
219
159
520
350
580
340
480
470
580
130
170
560
100
270
100
460
520
480
90
460
420
459
520
30
280
160
360
330
310
339
90
330
20
90
130
90
590
340
700
190
340
630
720
740
580
400
450
390
600
680
610
550
650
250
190
400
160
710
60
70
560
730
60
580
140
140
260
280
50
209
470
530
690
180
59
770
400
450
240
120
810
380
199
620
750
350
340
810
790
500
370
260
129
520
280
520
480
720
690
340
210
209
820
130
330
130
810
620
890
580
690
290
190
420
870
690
230
680
550