0.0092205
0.01478624
0.02551172
0.0381187
0.02628322
0.03572132
0.03375144
0.0457456
0.06010534
0.06635528
0.05939776
0.0656451
0.08652846
0.08665898
0.09767416
0.10331448
0.0933473
0.11764612
0.1217233
0.1302799
0.1399043
0.14317886
0.15013998
0.15566552
0.12268018
0.13841242
0.17463382
0.18142744
0.17867198
0.1949524
0.20238392
0.20658688
0.21760096
0.21682156
0.1861535
0.18767678
0.2418097
0.18394592
0.19043106
0.18932186
0.19438812
0.20019086
0.20920356
0.40551094
0.42177196
0.42531982
0.45764518
0.43290846
0.44914898
0.45248112
0.46030976
0.4741815
0.48740658
0.48698266
0.49911122
0.5099869
0.51850222
0.5475678
0.54695532
0.5863746
0.58888086
0.64002572
0.63575456
0.6426169
0.60570358
0.6221114
0.6408175
0.633888
0.63364768
0.66629304
0.6601998
0.65191538
0.66092728
0.68282246
0.69062448
0.72274452
0.70611722
0.74074354
0.7064436
0.71442842
0.72318292
0.7349218
0.74164132
0.7532406
0.75890154
0.76967102
0.77649944
0.78803164
0.79520796
0.80384206
0.81190616
0.82156806
0.82964648
0.84258044
0.85802988
0.85828796
0.86657688
0.8835012
0.88782796
0.89629206
0.90504726
1.07508334
0.9394515
0.94413154
0.95279516
0.97723298
0.97744898
1.26342452
0.99252592
0.99770686
1.0153509
1.01557528
1.0229678
1.03653946
1.05290168
1.05307328
1.05745484
1.06876532
1.0779551
1.08669932
1.09492172
1.12358422
1.13959684
1.1255064
1.13448892
1.1533924
1.1615681
1.16848794
1.17694714
1.17550756
1.1820879
1.1920222
1.20066858
1.2102461
1.21940618
1.22655072
1.237134
1.2456198
1.25381322
1.26310422
1.27263452
1.2835348
1.30091052
1.31382486
1.33826482
1.33516286
1.5072925
1.34519934
1.35318294
1.35630332
1.36200826
1.37103476
1.38172056
1.38866228
1.39871546
1.41756456
1.41713706
1.42513738
1.43401768
1.44590416
1.44922432
1.46391068
1.46800572
1.47776662
1.4873867
1.4967249
1.50247984
1.51195834
1.5255486
1.53086126
1.54822966
1.55009034
1.55802496
1.56608496
1.7764975
1.6372472
1.6086412
1.61666432
1.6176185
1.64742708
1.683358
1.89967948
1.67246142
1.67503618
1.67910576
1.7202614
1.71564836
1.70517916
1.730037
1.72640514
1.73255348
1.74675922
1.75657702
1.7674985
1.78191034
1.7851846
1.7948368
1.80312972
1.82069654
1.82262562
1.84384028
1.88174476
1.88712992
1.94316502
1.8888652
1.9243717
1.89916728
2.42455682
1.9360065
1.93999274
1.94630588
1.94477538
1.92905626
1.93103404
1.99803424
1.99663684
1.97948942
1.9903589
1.9996826
2.0182711
2.0282356
2.04825018
2.05439392
2.102154
2.08249752
2.1395258
2.07477438
2.19842588
2.11275558
2.10071792
2.0844543
2.10731854
2.1105623
2.12702034
2.12439298
2.93559654
2.30194976
2.2142581
2.23649506
2.18028406
2.20256514
2.19051014
2.19672878
2.21974064
2.21177302
2.22476648
2.22777016
2.25640716
2.41487144
2.2684241
2.27386686
2.62920552
2.29796078
2.3075303
2.34620558
2.50299588
2.33960824
2.32660268
2.61208662
2.36179892
2.88512928
2.3813311
2.4465707
2.40380306
2.42444824
2.4189236
2.41905898
2.44544442
2.55176226
2.4466336
2.45979046
2.47810796
2.67051008
2.62081642
2.61796006
2.51768974
2.49223622
2.54249956
2.57662212
2.56277794
2.56873898
2.57414734
2.67442834
2.59606368
2.60349062
2.87891754
2.68119016
2.70262944
2.60963014
2.61046994
2.67202378
2.64022902
2.64851012
2.66423126
2.70413612
2.70957646
2.69444692
2.74332862
2.70881358
2.71734138
2.73090094
2.76344878
2.76565768
2.7809366
2.80511014
2.7630435
2.77011702
2.80413886
2.81308606
3.03074152
2.95194658
2.93582884
2.956918
2.97146826
2.96298364
2.88072544
3.43111702
2.98157494
2.91826652
2.8941928
2.89619616
2.90760054
2.929302
2.96116056
2.949417
2.95159646
2.95252796
2.950164
2.95984308
2.97123686
2.98907606
2.9865428
3.00040394
3.01297862
3.0152727
3.0416319
3.03679436
3.04993412
3.05513566
3.06432096
3.09513272
3.11153566
3.09528962
3.098056
3.10182456
3.11148726
3.12486122
3.13137784
3.14069894
3.14851294
3.15772796
3.18168218
3.1988664
3.19173798
3.19540544
3.20166028
3.21510174
3.23037478
3.2463102
3.24790958
3.26337462
3.2646355
3.27528698
3.27730908
3.28979764
3.29894864
3.3109248
3.31591046
3.32531736
3.34195358
3.33922462
3.34250868
3.36001788
3.36598952
3.37861338
3.38202724
3.58691054
3.40079134
3.4129536
3.42579878
3.43695044
3.4513447
3.4685629
3.88584582
3.71331798
3.48196216
4.19026426
3.64920818
3.51319314
3.53308752
3.8782952
3.54873404
3.54969674
3.57774434
3.58059082
3.57916872
3.97803204
3.63062068
3.59231798
3.60396104
3.92296262
3.68510478
3.65884556
4.22698476
4.00346326
3.75513512
4.16003848
3.74565294
3.70868082
3.72369248
3.74210726
3.78384982
3.81603448
3.8038042
3.77499302
3.76853548
3.78125126
3.78693368
3.80139344
3.82559948
3.9070527
3.8866244
3.88766812
3.93928366
3.91743508
3.93661098
3.93270092
3.9443505
3.95076934
3.98262328
3.98284138
4.0005893
4.01291996
4.02252764
3.99349808
3.9527431
3.9535642
3.96888784
3.98762804
3.99791042
3.99767022
4.0000465
4.03226726
4.03165834
4.03004328
4.04219744
4.0566075
4.11029082
4.09616666
4.1215785
4.09779336
4.10527666
4.11799714
4.12215008
4.13336408
4.18281952
4.1868878
4.19719648
4.1674722
4.16900628
4.17838048
4.1949498
4.1954494
4.20355072
4.22644476
4.23689196
4.25534134
4.24858934
4.2411904
4.25566976
4.27256498
4.27229276
4.28634452
4.29341114
4.30470762
4.31717988
4.33915616
4.3255109
4.34088254
4.35026814
4.35591688
4.36690046
4.39455686
4.37342638
4.36666076
4.39922132
4.37996632
4.40401096
4.41321706
4.43869738
4.40598604
4.44357722
4.4296851
4.44953228
4.4457118
4.45984946
4.46348372
4.48491728
4.50515836
4.5209166
4.54391816
4.58356332
4.58281984
4.56560972
4.58414982
4.596839
4.5849508
4.58500682
4.59408692
4.60856486
4.61453098
4.61748836
4.62975814
4.64815682
4.66148318
4.70198246
4.7151308
4.6962764
4.67785392
4.6883002
4.6888604
4.7069027
4.7635767
4.7808447
4.8273011
4.8283801
4.79158508
4.88540288
4.83483652
4.799388
4.7812543
5.05775604
4.8564164
4.88137172
4.88751936
4.8546952
4.86631748
4.83898108
4.84796308
4.89160052
4.93505504
4.89950764
4.8931195
4.89723116
4.90967672
4.9117182
5.07962348
4.9300245
4.98274462
4.99242092
5.0055437
5.01186472
5.01905434
4.98276072
4.99740238
5.0151663
5.03997732
5.02849294
5.03038792
5.0327726
5.07404766
5.06147218
5.15740556
5.11779858
5.14402842
5.13001894
5.11509562
5.28179512
5.17314698
5.16149712
5.58001272
5.19283808
5.52208554
5.18588246
5.19371426
5.21283246
5.25144164
5.22277276
5.23972176
5.26310822
5.25815986
5.25402632
5.30110112
5.30642696
5.38743758
5.33204668
5.31905042
5.37425332
5.38511002
5.37849708
5.38405162
5.36875388
5.36225986
5.37802138
5.39881806
5.40610128
5.40716868
5.4138294
5.423274
5.43508376
5.4604828
5.61443044
6.2225988
5.78194996
5.71789952
8.19418472
7.2377627
6.13719772
5.95004814
5.68981444
5.96478998
5.5896797
5.776652
5.83166712
6.2599737
5.71287648
5.87411806
5.72552966
5.76574902
6.05767866
6.19410482
6.42413054
6.0835042
6.25669724
6.08918554
6.14357256
5.71552956
5.67710496
5.6657459
5.7309141
5.68388288
5.76400254
5.9073468
5.82001772
6.26776692
6.10146592
5.74721122
5.92684078
5.95579358
6.01405844
5.93910984
5.8877195
5.887403
5.87700312
5.87629822
5.89460874
5.96053802
5.90096026
5.96228442
5.99496516
6.11789772
6.20385162
5.9532967
5.96349138
5.96415218
5.963219
5.9641231
5.98875272
6.04457852
6.09973682
6.12476784
6.21949774
6.15256704
6.19228692
6.1942017
6.1561891
6.0645386
6.1217398
6.12854112
6.22215972
6.36959074
6.6506182
6.29056738
6.15474574
6.2614543
6.17431692
6.3354536
6.52576204
6.2983964
6.27219358
6.49359958
6.14799102
6.2794746
7.56010204
7.5803041
6.53523054
6.26496836
6.28403834
6.92536206
6.37670484
6.95652552
6.76830134
7.24158986
6.66620224
6.62659196
6.5013236
6.6314004
6.97070276
6.59198704
6.45130354
6.40403516
6.7437408
6.75155252
6.57326554
6.70944008
6.72778348
6.4280058
6.48805924
6.54238996
6.65611874
6.58009538
6.59687918
6.5394694
6.73239792
6.53633264
6.5958314
6.73564388
7.41542238
6.66195608
6.52517076
6.52847252
6.93671292
6.56444002
6.85093386
6.59981564
6.62885934
6.65209568
6.67372966
6.68444404
6.68493392
6.6243621
6.7165971
6.87701068
7.12234654
6.8367749
6.75717636
6.72231662
6.73327762
6.7625344
7.60994018
7.22954248
6.71211974
6.90582478
6.98276532
6.84315094
6.74705296
6.75412738
6.76082332
6.79120168
6.7729474
6.76515536
6.78594904
6.86828966
7.0241714
6.9566213
6.85884736
6.87234552
7.36129926
7.1245093
7.1729519
7.1444378
6.89543218
7.26799586
7.03768284
7.06768232
6.93720172
6.95474844
6.96209946
7.0593974
7.0332227
6.99800126
6.99901056
8.1203179
7.07697252
7.09911888
7.30349508
7.20229778
7.20217188
7.16546218
7.04840252
7.14941064
7.18181428
7.29884954
7.33728012
7.46166138
7.19465846
7.20298128
7.27713538
7.36929218
7.1725862
7.2919359
7.20692722
7.27751366
7.24681978
7.23393522
7.28915834
7.54631868
7.3110201
7.28621668
7.33603984
7.42623978
7.28760086
7.32286568
7.32855272
7.37482572
7.32667094
7.31649024
7.33216746
7.31650784
7.32737134
7.35533324
7.43455788
7.40279882
7.37872098
7.35382194
7.37549292
7.40229112
7.5148653
7.77968346
7.45967742
7.73720862
7.61480034
7.4984677
7.44992112
7.44857854
7.54018834
7.56989192
7.53609088
7.56109302
7.5087141
7.4968957
7.73787962
7.64266024
7.54785126
7.8054399
7.57892322
7.57482746
7.57535746
7.56858374
7.72265238
7.87327806
7.756842
7.70827152
7.72303486
7.66006084
7.66339232
7.78899278
7.72493296
7.75315886
7.73480806
7.89468534
7.74565263
7.71976752
7.73326036
7.75153026
7.77993866
7.78350004
7.7851945
7.78997736
7.87357276
7.84516626
7.83088732
7.8330645
7.83966642
7.85564674
7.8709242
7.88364804
7.9241339
7.88924728
7.92663528
8.52407986
7.91123994
7.8977845
7.86213478
7.86776082
7.89487492
7.89569322
7.91922428
7.89555462
7.91219484
7.934065
7.93168334
7.95930444
7.9447269
8.03866068
7.99150168
7.9716204
7.98371828
8.01114998
8.01587594
8.19674528
8.01709372
8.02221776
8.05268824
8.0657538
8.08916362
8.36067152
8.17884288
8.2416577
8.15160328
8.27350436
8.29405052
8.2685141
8.21945154
8.33008404
9.86371576
8.46435982
8.37914412
8.27361596
8.29006728
8.27725372
8.25462028
8.28133618
8.3636325
8.51790754
8.57252714
8.6245173
8.30223134
8.343751
8.54321906
8.37951474
8.85768108
8.45084864
8.33819946
8.76500178
8.65913962
8.51298368
8.4836833
8.47027676
8.43115266
8.49075872
8.50507218
8.52765682
8.56930088
8.49402298
8.49049752
8.52590634
8.57188966
8.54153718
8.53724322
8.55618602
8.5771754
8.76538608
8.65856232
8.63016644
8.59659988
8.68790122
8.5855606
8.70867838
8.7339817
9.10096756
8.80643562
8.71880508
8.72021116
8.90846104
8.73577308
8.6882452
8.81096878
8.96325286
8.76097272
8.96921938
8.90081652
8.78954832
8.80510104
8.72448652
8.8272406
8.89787874
9.003316
9.35434214
8.80552914
8.91507846
8.8307251
8.88594248
9.36844448
8.93997998
9.06491104
8.93769032
8.97234694
8.92263568
8.93766042
8.88061322
9.0327589
8.97313004
8.96552392
9.06374626
9.01236262
9.26382222
9.10813738
9.1920033
9.37821498
9.17552386
9.22992036
9.2746387
9.0706267
9.1631537
9.24059906
9.08354816
9.56962982
9.52878726
9.40926586
9.2271099
